0 : 205
1 : 249
2 : 102
3 : 86
4 : 75
5 : 45
6 : 32
7 : 42
8 : 40
9 : 21
A : 1
B : 1
C : 1
D : 2
E : 1
F : 1
G : 1
H : 1
I : 54
J : 1
K : 2
L : 1
M : 3
N : 1
O : 1
P : 1
Q : 1
R : 1
S : 1
T : 1
U : 1
V : 1
W : 3
X : 1
Y : 1
Z : 10
a : 44
b : 12
c : 32
d : 6
e : 13
f : 9
g : 4
h : 4
i : 52
k : 14
l : 31
m : 10
n : 4
p : 16
r : 10
s : 14
t : 31
v : 12
w : 11
x : 235
y : 47
z : 2
-1 : 10
-2 : 5
-3 : 6
-7 : 1
-5 : 2
-4 : 2
-6 : 1
00 : 10
02 : 1
04 : 1
13 : 39
16 : 19
11 : 9
19 : 5
10 : 11
17 : 9
18 : 9
14 : 11
15 : 16
12 : 17
28 : 1
29 : 1
20 : 14
21 : 10
24 : 7
26 : 10
23 : 10
25 : 7
27 : 17
22 : 2
30 : 3
39 : 5
31 : 1
37 : 1
33 : 4
32 : 4
34 : 1
38 : 10
36 : 3
35 : 4
46 : 2
44 : 2
45 : 1
42 : 1
43 : 2
40 : 7
47 : 2
41 : 1
49 : 2
48 : 6
58 : 1
59 : 3
55 : 1
52 : 1
51 : 2
54 : 1
57 : 1
50 : 3
56 : 6
53 : 1
61 : 1
60 : 3
62 : 1
63 : 1
64 : 1
67 : 1
65 : 1
69 : 1
68 : 1
66 : 1
76 : 1
74 : 1
70 : 1
75 : 1
78 : 1
73 : 1
79 : 3
71 : 1
72 : 1
77 : 1
84 : 1
89 : 1
86 : 1
80 : 9
88 : 1
83 : 1
87 : 1
85 : 1
82 : 1
81 : 1
96 : 1
94 : 1
92 : 1
95 : 1
91 : 1
93 : 1
97 : 1
99 : 1
98 : 1
90 : 1
At : 1
BS : 4
FX : 4
Hi : 1
Ha : 2
If : 1
It : 2
No : 2
Oh : 2
Or : 1
So : 1
Up : 3
We : 1
aP : 2
aT : 2
aO : 2
aF : 2
aB : 2
aA : 2
aD : 2
at : 4
am : 4
as : 7
an : 1
bb : 5
bg : 11
by : 6
be : 8
cb : 6
cx : 4
cy : 4
dx : 3
dy : 3
dj : 13
do : 8
ev : 14
es : 2
er : 2
en : 1
fn : 4
fc : 13
fg : 11
fx : 2
gl : 100
hi : 3
ha : 3
if : 61
in : 27
it : 7
is : 7
js : 1
ln : 1
ll : 3
md : 1
my : 2
me : 1
no : 1
na : 2
nl : 1
on : 63
or : 5
of : 17
px : 4
re : 4
sh : 3
so : 7
tC : 3
tp : 5
to : 56
up : 7
vT : 5
vF : 5
vB : 5
vA : 5
vD : 4
vl : 4
v0 : 2
ve : 3
we : 2
xy : 1
-16 : 6
-27 : 1
-13 : 2
-08 : 16
-14 : 3
-15 : 2
-44 : 1
-24 : 2
-26 : 1
-25 : 5
-17 : 1
-18 : 1
-19 : 1
-04 : 1
0.0 : 3
0.5 : 7
0.9 : 1
0.2 : 1
0.1 : 3
0.7 : 2
0.8 : 1
0.6 : 2
0.4 : 2
1.0 : 8
127 : 3
106 : 1
105 : 1
124 : 1
116 : 1
108 : 1
123 : 1
125 : 2
126 : 1
118 : 1
114 : 1
115 : 1
111 : 1
102 : 1
104 : 1
120 : 1
112 : 1
113 : 1
121 : 1
101 : 1
107 : 1
103 : 1
119 : 1
110 : 1
117 : 1
122 : 1
109 : 1
100 : 2
128 : 2
1.5 : 5
191 : 1
144 : 2
169 : 1
1.3 : 2
2.0 : 1
255 : 5
256 : 4
220 : 1
208 : 2
232 : 2
240 : 1
257 : 2
209 : 1
258 : 1
250 : 1
2.5 : 4
216 : 1
300 : 2
3.0 : 1
480 : 1
432 : 1
6.0 : 1
640 : 1
8.0 : 2
A-Z : 2
Are : 1
Add : 2
And : 2
All : 1
API : 1
Bar : 1
Buy : 1
Dev : 1
Day : 9
DID : 1
Esc : 10
Fix : 1
GLF : 9
Key : 5
Log : 1
Map : 2
Now : 3
New : 3
Not : 1
Odd : 1
Set : 4
The : 5
Too : 30
Try : 2
T11 : 9
Use : 1
Web : 1
You : 7
Yes : 2
add : 2
abs : 3
and : 27
are : 8
amt : 9
a-z : 4
acs : 5
all : 2
bus : 2
bug : 1
bpm : 2
b13 : 1
but : 10
cry : 1
con : 7
col : 1
cos : 1
ctx : 12
com : 10
can : 5
dot : 1
del : 3
dur : 48
don : 4
dir : 3
d39 : 2
due : 2
did : 4
dev : 2
etc : 2
end : 1
for : 16
few : 12
get : 7
gon : 2
got : 2
gif : 7
has : 3
h$1 : 3
how : 3
had : 3
i-1 : 1
img : 7
isn : 1
jam : 1
key : 43
let : 55
lum : 2
log : 9
len : 3
loc : 1
l$1 : 14
map : 13
max : 16
mix : 2
min : 11
mpb : 4
may : 1
new : 22
nev : 2
not : 4
now : 9
off : 5
out : 10
oct : 5
osc : 8
one : 2
org : 2
png : 1
pow : 4
pop : 2
pad : 1
put : 4
res : 2
rgb : 7
run : 1
set : 8
src : 10
str : 7
spb : 3
say : 15
sin : 4
see : 2
top : 1
t$2 : 4
the : 50
t$1 : 14
uvx : 3
uvy : 3
uEE : 4
use : 3
var : 4
vtp : 8
vad : 6
vol : 5
w$1 : 6
was : 7
www : 2
xyz : 1
you : 18
yet : 1
y59 : 3
zip : 1
0.25 : 3
0.02 : 1
0.03 : 1
0.01 : 4
0.98 : 2
0.75 : 1
0xc5 : 1
0xc4 : 1
0xec : 1
0xcc : 1
0.21 : 1
0xcb : 1
0x1b : 1
0xe5 : 1
0xe6 : 1
0xe7 : 1
0xe1 : 1
0xe2 : 1
0xe3 : 1
0xe4 : 1
0xc0 : 2
0xc3 : 2
0xe0 : 1
0xd8 : 2
0xb3 : 1
1000 : 3
1.05 : 1
1300 : 1
1.13 : 1
2024 : 17
4800 : 7
5059 : 1
70.1 : 1
9326 : 1
Buzz : 2
Bugs : 1
Code : 5
Core : 2
Chug : 1
Cell : 1
Date : 1
Down : 1
Draw : 1
Data : 4
Evil : 1
Fizz : 1
Fire : 1
Font : 1
Full : 1
GLAB : 8
GLSD : 4
Give : 2
Grid : 2
Game : 2
JSON : 2
Just : 1
Left : 1
List : 1
Loop : 1
Link : 1
Load : 1
Math : 24
Main : 5
Menu : 5
Move : 1
Most : 1
Oops : 1
Okay : 1
Prop : 1
Peek : 7
Quit : 2
RGBA : 2
Rich : 1
Rick : 1
Repo : 5
Root : 1
Save : 1
TODO : 4
Todo : 2
Text : 1
True : 1
This : 1
View : 1
What : 3
Wire : 2
Well : 1
Your : 1
args : 2
able : 4
also : 3
aren : 2
buzz : 21
bugs : 3
base : 4
bass : 12
back : 2
blur : 1
been : 1
code : 12
char : 11
comp : 9
case : 1
come : 1
drum : 2
draw : 7
data : 7
d169 : 3
d125 : 2
dist : 1
didn : 2
done : 2
date : 1
deal : 1
docs : 1
emit : 62
else : 18
evaa : 8
each : 6
easy : 2
even : 4
fill : 1
frag : 1
fire : 4
flat : 5
fizz : 7
freq : 5
find : 6
fade : 10
from : 3
fits : 1
form : 1
fall : 1
flow : 1
give : 2
gain : 14
grid : 2
game : 8
glsl : 1
home : 2
hire : 3
heck : 1
have : 7
hard : 2
hope : 1
hear : 1
into : 2
init : 7
idea : 2
join : 5
just : 2
keys : 19
knee : 1
keep : 1
know : 1
load : 1
left : 1
list : 7
lang : 1
long : 2
last : 3
look : 2
like : 3
loop : 1
main : 5
mask : 17
move : 5
make : 5
mark : 1
many : 11
mina : 5
more : 3
much : 5
menu : 1
made : 1
most : 1
name : 19
note : 8
norm : 3
null : 8
need : 2
once : 11
ohno : 1
oops : 2
over : 7
open : 4
only : 2
push : 16
play : 7
root : 4
rate : 4
repo : 4
rgba : 3
rest : 1
real : 1
size : 1
sort : 5
sval : 9
sine : 1
sick : 6
stop : 1
sing : 8
save : 2
step : 7
show : 2
seed : 2
skew : 1
some : 16
soon : 1
seem : 1
this : 70
type : 4
text : 16
time : 6
true : 11
tick : 18
them : 3
tail : 5
they : 1
then : 5
that : 20
than : 1
todo : 1
uSam : 2
uniq : 2
user : 21
vert : 1
vec2 : 14
vec4 : 18
vec3 : 5
void : 2
verb : 3
view : 2
warp : 5
when : 14
word : 4
work : 9
wrap : 1
want : 2
went : 2
with : 11
what : 2
will : 8
ways : 1
well : 1
week : 1
wiki : 1
your : 2
year : 2
0.333 : 1
0.666 : 1
0.125 : 1
0.001 : 1
0.005 : 1
60000 : 1
Array : 2
Arrow : 1
Alpha : 1
Audio : 1
Aside : 1
Break : 2
BLEND : 1
Begin : 1
Build : 15
Basic : 1
Click : 1
Disks : 1
Doing : 1
Enter : 7
FLOAT : 1
First : 2
GLT2A : 9
GLCTE : 4
Hello : 1
Image : 2
Input : 4
Lions : 1
Maybe : 1
Mouse : 1
Memes : 1
Music : 1
Never : 1
Point : 1
Print : 2
Penta : 1
Right : 1
Shrub : 1
Shift : 2
Scale : 2
Store : 1
Still : 4
Throw : 1
Theme : 1
Title : 5
Thing : 1
There : 3
UInt8 : 1
Voice : 1
Visit : 2
Valid : 2
Weird : 1
Worst : 1
alpha : 11
async : 2
again : 4
about : 1
await : 1
after : 1
build : 2
blank : 1
basic : 2
being : 1
below : 1
bytes : 1
built : 1
const : 175
count : 2
color : 10
clear : 4
click : 5
class : 1
cycle : 3
clock : 1
cheat : 1
close : 1
catch : 1
cells : 1
calls : 1
could : 1
debug : 2
decay : 8
dirty : 4
d1300 : 2
death : 1
en-US : 2
error : 3
empty : 1
float : 18
fxmix : 4
fract : 1
false : 25
focus : 3
going : 2
guess : 4
great : 3
games : 1
hover : 3
https : 13
hoped : 2
index : 1
image : 12
input : 3
issue : 1
keyup : 3
lramp : 4
label : 8
later : 2
login : 3
local : 1
least : 1
large : 1
match : 11
mouse : 4
merge : 3
might : 1
nodes : 4
notes : 12
night : 1
other : 2
print : 31
pitch : 1
pause : 2
parse : 1
press : 4
proof : 1
point : 1
plays : 1
queue : 2
ratio : 1
store : 5
smell : 5
split : 15
style : 1
scale : 21
start : 5
synth : 4
speak : 1
slice : 11
shift : 4
short : 2
state : 10
still : 6
space : 2
spoof : 1
stuff : 2
songs : 1
theme : 9
token : 2
these : 5
title : 2
think : 4
today : 3
total : 1
there : 2
under : 1
using : 1
until : 2
voice : 7
value : 21
white : 1
width : 2
world : 1
while : 3
words : 4
wrong : 1
which : 1
works : 1
wtfjs : 1
xdiff : 1
0.2126 : 1
0.7152 : 1
0.0722 : 1
00.000 : 9
131313 : 1
Action : 1
Anywho : 1
Buzzed : 1
Berlin : 1
Coffee : 2
Create : 2
Cursor : 1
Delete : 1
Errors : 1
Escape : 1
Entity : 2
Editor : 1
Finish : 1
Gutter : 1
JSFuck : 1
LEQUAL : 1
Layout : 1
Memory : 1
Market : 1
Object : 8
Points : 1
Plugin : 4
Printf : 1
Remove : 2
Roller : 1
Return : 1
ReadMe : 1
Readme : 6
Render : 1
Review : 1
String : 1
Screen : 1
Shader : 2
Scales : 1
Stereo : 1
Status : 1
Saving : 2
Things : 1
Uphill : 1
Vertex : 1
WebGL2 : 3
XsjSzR : 1
XsK3RR : 1
aAlpha : 3
aDepth : 3
attack : 6
active : 6
albeit : 1
actual : 2
around : 2
buffer : 1
buzzed : 1
begins : 1
