- : 1
0 : 1
1 : 14
2 : 3
3 : 1
4 : 1
5 : 1
6 : 1
7 : 1
8 : 1
9 : 1
A : 5
B : 3
C : 2
D : 6
E : 1
F : 3
G : 3
H : 1
I : 1
J : 1
K : 1
L : 2
M : 1
N : 1
O : 2
P : 2
Q : 1
R : 3
S : 2
T : 4
U : 2
V : 1
W : 1
X : 2
Y : 2
Z : 2
a : 15
b : 1
c : 1
d : 2
e : 2
f : 1
g : 1
h : 4
i : 2
k : 1
l : 2
m : 1
n : 1
p : 2
r : 1
s : 3
t : 5
u : 1
v : 6
w : 2
x : 1
y : 1
z : 2
-1 : 2
-2 : 1
-3 : 2
-7 : 1
-5 : 2
-4 : 1
-6 : 1
00 : 1
02 : 1
04 : 1
13 : 1
16 : 1
11 : 1
19 : 1
10 : 1
17 : 1
18 : 1
14 : 1
15 : 1
12 : 1
28 : 1
29 : 1
20 : 1
21 : 1
24 : 1
26 : 1
23 : 1
25 : 1
27 : 1
22 : 1
30 : 1
39 : 1
31 : 1
37 : 1
33 : 1
32 : 1
34 : 1
38 : 1
36 : 1
35 : 1
46 : 1
44 : 1
45 : 1
42 : 1
43 : 1
40 : 1
47 : 1
41 : 1
49 : 1
48 : 1
58 : 1
59 : 1
55 : 1
52 : 1
51 : 1
54 : 1
57 : 1
50 : 1
56 : 1
53 : 1
61 : 1
60 : 1
62 : 1
63 : 1
64 : 1
67 : 1
65 : 1
69 : 1
68 : 1
66 : 1
76 : 1
74 : 1
70 : 1
75 : 1
78 : 1
73 : 1
79 : 1
71 : 1
72 : 1
77 : 1
84 : 1
89 : 1
86 : 1
80 : 1
88 : 1
83 : 1
87 : 1
85 : 1
82 : 1
81 : 1
96 : 1
94 : 1
92 : 1
95 : 1
91 : 1
93 : 1
97 : 1
99 : 1
98 : 1
90 : 1
At : 5
Bg : 1
By : 1
BS : 1
Do : 2
Fg : 1
FX : 1
Hi : 1
Ha : 1
ID : 1
If : 2
In : 2
Id : 1
It : 1
JS : 1
K3 : 1
L2 : 2
Me : 1
No : 1
Oh : 1
Of : 3
Or : 1
PI : 1
Re : 2
RR : 1
So : 1
Sz : 1
TO : 1
To : 3
US : 1
Up : 2
We : 1
Xs : 1
an : 1
ap : 1
am : 1
at : 1
as : 1
bb : 1
bd : 1
bg : 1
by : 1
bn : 1
bp : 1
bm : 1
be : 1
cb : 1
ct : 1
cx : 1
cy : 1
dx : 1
dy : 1
dj : 1
do : 1
de : 1
ev : 1
es : 1
en : 2
er : 1
fn : 1
fc : 1
fg : 1
fx : 1
gl : 2
hi : 1
ha : 1
if : 1
id : 1
in : 3
is : 2
it : 1
js : 1
ln : 1
ll : 1
mu : 1
md : 1
my : 1
me : 1
nt : 1
no : 1
na : 1
on : 1
of : 1
or : 1
px : 1
ri : 1
re : 3
sh : 1
st : 1
so : 1
to : 4
tp : 1
up : 1
vs : 1
vl : 1
v0 : 1
ve : 1
v2 : 1
we : 1
xy : 1
-16 : 1
-27 : 1
-13 : 1
-08 : 1
-14 : 1
-15 : 1
-44 : 1
-24 : 1
-26 : 1
-25 : 1
-17 : 1
-18 : 1
-19 : 1
-04 : 1
0.9 : 1
0.2 : 1
0.1 : 1
0.5 : 1
0.7 : 1
0.8 : 1
0.6 : 1
0.4 : 1
127 : 1
106 : 1
105 : 1
124 : 1
116 : 1
108 : 1
123 : 1
125 : 1
126 : 1
118 : 1
114 : 1
115 : 1
111 : 1
102 : 1
104 : 1
120 : 1
112 : 1
113 : 1
121 : 1
101 : 1
107 : 1
103 : 1
119 : 1
110 : 1
117 : 1
122 : 1
109 : 1
100 : 1
128 : 1
1.5 : 1
191 : 1
169 : 1
1.3 : 1
144 : 1
255 : 1
256 : 1
220 : 1
208 : 1
232 : 1
240 : 1
257 : 1
209 : 1
258 : 1
2.5 : 1
216 : 1
300 : 1
333 : 1
480 : 1
432 : 1
515 : 1
666 : 1
640 : 1
770 : 1
771 : 1
Are : 1
AST : 2
Add : 1
And : 1
All : 1
API : 2
BIT : 1
Bar : 1
Buy : 1
Con : 2
Dev : 2
Day : 1
DID : 1
End : 2
Esc : 1
Exp : 1
For : 3
Fix : 1
IDS : 1
Int : 1
Key : 5
Loc : 1
Log : 1
Map : 3
MIN : 1
MAG : 1
NEA : 1
Now : 1
New : 2
Not : 2
Net : 1
ONE : 1
Off : 1
Odd : 1
RGB : 1
Raw : 1
Reg : 1
Set : 1
Src : 2
Sam : 1
SRC : 2
Top : 1
The : 1
Too : 1
Try : 2
T11 : 1
Use : 1
Web : 3
Xsj : 1
You : 1
Yes : 1
add : 3
all : 1
abs : 1
and : 2
amt : 1
are : 4
acs : 1
api : 1
bus : 1
bug : 1
bpm : 1
b13 : 1
but : 1
cos : 1
cry : 1
con : 1
col : 1
ctx : 1
com : 2
can : 1
dot : 1
del : 1
dur : 1
dis : 1
don : 1
dir : 1
d39 : 1
did : 1
dev : 1
due : 1
etc : 1
end : 3
for : 2
fft : 1
few : 1
fn2 : 1
get : 8
gon : 1
got : 1
gif : 1
has : 1
how : 1
had : 1
ite : 1
img : 1
isn : 1
jam : 1
key : 4
lum : 1
log : 2
let : 1
len : 1
map : 1
max : 1
min : 1
mix : 1
mpb : 1
may : 1
new : 1
nev : 1
not : 1
now : 1
off : 1
out : 1
oct : 1
osc : 1
one : 1
org : 1
pop : 1
pow : 2
pad : 2
put : 1
res : 1
rgb : 1
raw : 1
run : 1
set : 4
src : 1
sin : 1
str : 1
say : 3
spb : 1
see : 1
tex : 3
top : 1
the : 1
use : 2
uvx : 1
uvy : 1
vtp : 1
vad : 1
vol : 1
var : 1
was : 1
web : 1
www : 1
xyz : 1
x90 : 1
x91 : 1
x92 : 1
x93 : 1
x94 : 1
x95 : 1
x96 : 1
you : 1
yet : 1
y59 : 1
zip : 1
0722 : 1
0.25 : 1
0.02 : 1
0.03 : 1
0.75 : 1
0.01 : 1
0.98 : 1
0xc5 : 1
0xc4 : 1
0xec : 1
0xcc : 1
0x1b : 1
0xe5 : 1
0xe6 : 1
0xe7 : 1
0xe1 : 1
0xe2 : 1
0xe3 : 1
0xe4 : 1
0xc0 : 1
0xc3 : 1
0xe0 : 1
0xd8 : 1
0xb3 : 1
0xcb : 1
0.21 : 1
1000 : 1
1.05 : 1
1300 : 1
1.13 : 1
2126 : 1
2929 : 1
2024 : 2
3042 : 1
4800 : 1
5126 : 1
5121 : 1
5059 : 1
6408 : 1
7152 : 1
70.1 : 1
9728 : 1
9326 : 1
BYTE : 1
Byte : 1
Core : 1
Call : 2
Chug : 1
Cell : 1
Down : 2
Evil : 1
EDGE : 1
Font : 2
Func : 2
File : 1
Full : 2
Fail : 1
Fuck : 1
Gene : 1
Gijs : 1
Item : 2
Int8 : 1
JSON : 1
Link : 2
Line : 1
Math : 1
Mini : 1
Okay : 1
Prop : 1
Pass : 2
Peek : 1
Quit : 3
Rect : 2
Rich : 1
Rick : 1
Ramp : 2
Read : 1
Smoo : 1
Tree : 1
Wire : 1
args : 1
atop : 1
auto : 1
able : 2
also : 1
aren : 1
buzz : 3
bugs : 2
bind : 2
base : 1
bass : 1
blur : 1
back : 1
body : 2
been : 1
code : 7
comp : 3
char : 3
case : 2
come : 1
data : 11
draw : 19
drum : 1
date : 2
d169 : 1
d125 : 1
dist : 1
didn : 1
done : 1
deal : 1
docs : 1
each : 2
emit : 1
even : 3
eval : 1
else : 1
evaa : 1
easy : 1
flat : 1
fill : 3
frag : 1
fade : 2
fire : 2
fizz : 2
freq : 1
find : 1
from : 1
fits : 1
form : 1
fall : 1
flow : 1
glsl : 2
gene : 1
give : 2
gain : 3
grid : 2
game : 2
home : 1
hire : 1
heck : 1
have : 1
hard : 1
head : 1
high : 1
hope : 1
hear : 1
into : 1
init : 1
idea : 1
join : 1
just : 2
kind : 1
keys : 3
knee : 1
keep : 1
know : 1
load : 3
left : 5
lang : 1
last : 2
list : 2
long : 1
loop : 3
look : 1
like : 1
move : 7
main : 8
mask : 1
make : 2
many : 1
menu : 8
mina : 1
most : 2
more : 1
much : 1
made : 1
name : 4
null : 2
note : 1
norm : 1
nope : 1
need : 1
once : 1
over : 3
ohno : 1
oops : 2
open : 4
only : 1
push : 1
play : 1
pass : 2
rest : 3
rgba : 2
rate : 5
root : 2
repo : 7
real : 1
size : 2
sort : 1
sick : 2
sval : 1
sine : 1
stop : 2
sing : 3
save : 2
step : 1
show : 1
seed : 1
skew : 1
some : 2
soon : 1
seem : 1
semi : 1
todo : 3
this : 3
type : 1
text : 4
time : 7
test : 2
true : 2
tick : 3
them : 1
then : 1
tail : 2
they : 1
that : 1
than : 1
uniq : 1
user : 3
vert : 1
vec2 : 1
vec4 : 1
vec3 : 1
void : 1
verb : 2
view : 3
webp : 1
warp : 1
word : 7
wrap : 3
when : 1
work : 2
what : 2
want : 2
went : 1
well : 2
with : 2
will : 1
ways : 1
week : 1
wiki : 1
your : 2
year : 1
0.125 : 1
0.001 : 1
0.005 : 1
10242 : 1
10243 : 1
10241 : 1
10240 : 1
16384 : 1
13000 : 1
35866 : 1
33071 : 1
34962 : 1
35044 : 1
35633 : 1
35632 : 1
60000 : 1
Array : 11
Audio : 4
Arrow : 8
Aside : 1
Break : 2
BLEND : 2
Begin : 1
Coord : 1
CLAMP : 1
Catch : 1
Depth : 1
DEPTH : 1
Disks : 1
Doing : 1
Fixed : 1
Frame : 1
First : 1
Gloat : 1
Hello : 1
Lions : 1
MINUS : 1
Maybe : 1
Memes : 1
Music : 1
Never : 1
Penta : 1
Shrub : 1
Thing : 2
Tools : 1
Throw : 1
UInt8 : 1
Unary : 1
Visit : 1
Valid : 2
Weird : 1
Worst : 1
alpha : 6
async : 1
await : 2
about : 1
after : 1
build : 2
blank : 1
block : 3
basic : 2
being : 1
below : 1
bytes : 1
built : 1
const : 1
count : 1
class : 8
color : 8
clear : 4
click : 2
cycle : 1
close : 4
cheat : 1
cells : 1
calls : 1
could : 1
depth : 1
decay : 1
dirty : 1
d1300 : 1
death : 1
error : 1
enter : 2
empty : 2
final : 1
float : 3
fxmix : 1
fract : 1
false : 1
focus : 1
flags : 1
going : 1
guess : 1
great : 1
games : 2
https : 1
hoped : 1
index : 2
image : 9
input : 3
issue : 1
integ : 1
js13k : 1
keyup : 1
lramp : 1
label : 2
later : 1
lower : 2
local : 2
login : 5
level : 1
least : 1
large : 1
match : 1
model : 1
mouse : 4
merge : 1
might : 1
names : 1
nodes : 1
notes : 1
night : 1
onend : 1
other : 1
props : 1
parse : 2
param : 2
print : 2
press : 3
pitch : 1
point : 2
pause : 1
proof : 1
plays : 1
queue : 2
right : 5
ratio : 1
store : 2
super : 3
split : 2
stage : 1
smell : 1
scale : 4
style : 2
synth : 3
speak : 1
start : 5
slice : 1
shift : 2
short : 1
state : 2
still : 2
spoof : 1
stuff : 2
songs : 1
theme : 3
token : 1
these : 1
title : 5
think : 1
today : 1
total : 1
there : 2
under : 1
using : 2
until : 1
voice : 2
value : 4
white : 1
width : 2
world : 1
while : 3
words : 1
wrong : 1
which : 1
works : 1
webgl : 1
wtfjs : 1
xdiff : 1
yield : 2
00.000 : 1
131313 : 1
Action : 1
Attrib : 3
Anywho : 1
Binary : 1
Berlin : 1
Clause : 1
Errors : 2
Finish : 1
Import : 4
LEQUAL : 1
Linear : 1
Mipmap : 1
Member : 2
Memory : 1
Market : 1
Points : 2
Plugin : 1
Roller : 1
Symbol : 1
Stride : 1
Speech : 1
Scared : 1
